Kings : (36.0753604529, -119.815502709),
San Benito : (36.6057058971, -121.074995529),
Fresno : (36.7581801263, -119.649322632),
Plumas : (40.0046824769, -120.838597596),
Inyo : (36.5111268089, -117.410789686),
Contra Costa : (37.9233794475, -121.951073113),
Alpine : (38.5972506332, -119.82065303),
Humboldt : (40.7050090829, -123.915819446),
Sutter : (39.0345595213, -121.694849665),
Riverside : (33.7436800499, -115.993845895),
San Mateo : (37.4362097341, -122.355663195),
Stanislaus : (37.5591374435, -120.997682895),
San Diego : (33.028186394, -116.770204664),
Orange : (33.6769134328, -117.776142822),
Monterey : (36.2397743956, -121.308901554),
Santa Clara : (37.2324840341, -121.696278854),
Shasta : (40.7637666014, -122.040521531),
Alameda : (37.6504930265, -121.917998966),
Kern : (35.3428473738, -118.729900424),
Glenn : (39.5984047698, -122.392206808),
Trinity : (40.6506935615, -123.112627727),
Nevada : (39.301369579, -120.768752113),
Marin : (38.05518334, -122.748858563),
Santa Barbara : (34.5383440862, -120.030786183),
Sonoma : (38.525292575, -122.922544658),
Yolo : (38.6866603948, -121.90161702),
Tehama : (40.1257361849, -122.233884853),
Santa Cruz : (37.0216059108, -122.009787403),
Modoc : (41.5898335739, -120.725028959),
Tulare : (36.220156659, -118.80047248),
Siskiyou : (41.5926866339, -122.540367763),
Mendocino : (39.4336238198, -123.431553907),
Mono : (37.938990343, -118.886709262),
San Francisco : (37.7597150131, -122.693975573),
Tuolumne : (38.0276014047, -119.95475358),
El Dorado : (38.7787375794, -120.524649929),
Sacramento : (38.4493208547, -121.344253814),
Calaveras : (38.204606803, -120.554132098),
Colusa : (39.177573113, -122.237029616),
Amador : (38.446389504, -120.651115621),
San Luis Obispo : (35.38741848, -120.452196945),
Lassen : (40.6735903894, -120.594332834),
San Joaquin : (37.9347459676, -121.271403235),
Imperial : (33.0395904342, -115.365336962),
Lake : (39.0996453445, -122.753183909),
Placer : (39.0634313879, -120.717645936),
Napa : (38.5064964441, -122.330538465),
Solano : (38.2669127871, -121.940024418),
Butte : (39.6669293633, -121.600671735),
Ventura : (34.3575285169, -119.126027193),
Mariposa : (37.5815223099, -119.905517029),
San Bernardino : (34.8414378315, -116.17846142),
Yuba : (39.2690076722, -121.351262732),
Merced : (37.191870471, -120.717688),
Sierra : (39.5804001016, -120.515996378),
Madera : (37.2180440575, -119.762644507),
Los Angeles : (34.1979978627, -118.26101385),
Del Norte : (41.744942366, -123.957801356),